../../../../../.git/annex/objects/1p/6z/SHA256E-s1200922--cec4c73434d43aba85e049b53cbde631e425091fee130e6550fd467afa9c6cb6.tsv/SHA256E-s1200922--cec4c73434d43aba85e049b53cbde631e425091fee130e6550fd467afa9c6cb6.tsv