../../../../../.git/annex/objects/G9/9v/SHA256E-s1199863--72e0fc35e40f70080fffffef1e34e5f48f77df370e5b88852652833071bf11fc.tsv/SHA256E-s1199863--72e0fc35e40f70080fffffef1e34e5f48f77df370e5b88852652833071bf11fc.tsv