../../../../.git/annex/objects/87/7q/SHA256E-s875399--c67e96d926e6b27f87816fc44df71d6714ce26e6d1b21c87cb56e783a323e919.tsv/SHA256E-s875399--c67e96d926e6b27f87816fc44df71d6714ce26e6d1b21c87cb56e783a323e919.tsv