../../../../../.git/annex/objects/W3/J8/SHA256E-s700134--1cfca664a8b6e9895863b65c2c28725f71d97f0b42b46528b1654d6ce3e8b8c5.tsv/SHA256E-s700134--1cfca664a8b6e9895863b65c2c28725f71d97f0b42b46528b1654d6ce3e8b8c5.tsv