../../../../../.git/annex/objects/2Q/PQ/SHA256E-s1199410--04701841c142b64839aa78ddf978ac44b1b5ed530185ecb28076f976b4d3310f.tsv/SHA256E-s1199410--04701841c142b64839aa78ddf978ac44b1b5ed530185ecb28076f976b4d3310f.tsv