../../../../.git/annex/objects/K8/gj/SHA256E-s1313902--ff3720085bddbe87e6f22811b1d7c9e498a637a2c30fa9debe838c490e266bef.tsv/SHA256E-s1313902--ff3720085bddbe87e6f22811b1d7c9e498a637a2c30fa9debe838c490e266bef.tsv