../../../../../.git/annex/objects/zv/jk/SHA256E-s60707--68f82fdac9389ff5b49c194a53a472de25c7b9c391e18afe1afcb5d452b14b6d.tsv/SHA256E-s60707--68f82fdac9389ff5b49c194a53a472de25c7b9c391e18afe1afcb5d452b14b6d.tsv