../../../../.git/annex/objects/gV/8P/SHA256E-s1198030--a585809cf4000c3f84de55809b651b599c6938d960051769d5328b1a738d1c5e.tsv/SHA256E-s1198030--a585809cf4000c3f84de55809b651b599c6938d960051769d5328b1a738d1c5e.tsv