../../../../.git/annex/objects/95/2x/SHA256E-s1204214--bd086f3872470834babd63d11ba0d3aba16231bc9a74938c49858ca20acf0624.tsv/SHA256E-s1204214--bd086f3872470834babd63d11ba0d3aba16231bc9a74938c49858ca20acf0624.tsv