../../../../.git/annex/objects/7X/j3/SHA256E-s700618--0100eb9e1748998d8395719827420a0c610c82fe824079d20006735887b17395.tsv/SHA256E-s700618--0100eb9e1748998d8395719827420a0c610c82fe824079d20006735887b17395.tsv