../../../../../.git/annex/objects/vP/G1/SHA256E-s878524--98084e91d4bb00578370e64eba48240c3256777c73e9c94d1be69ce65c375cd7.tsv/SHA256E-s878524--98084e91d4bb00578370e64eba48240c3256777c73e9c94d1be69ce65c375cd7.tsv