../../../../.git/annex/objects/71/QM/SHA256E-s1200766--57fc2f2e971e2eec603c0b9e61284230d3c713ffd1e01e6e5bef191c8baa1c63.tsv/SHA256E-s1200766--57fc2f2e971e2eec603c0b9e61284230d3c713ffd1e01e6e5bef191c8baa1c63.tsv