../../../../../.git/annex/objects/mJ/7X/SHA256E-s708830--fcb973b78bbc658270c6e78fa3df518565a44a760fcccb53ed79b639890128c4.tsv/SHA256E-s708830--fcb973b78bbc658270c6e78fa3df518565a44a760fcccb53ed79b639890128c4.tsv