../../../../../.git/annex/objects/qF/9w/SHA256E-s875222--be37819d512b2a24fa8e50ac21212528e1637a24dab8587f395f3b6e3bf0f516.tsv/SHA256E-s875222--be37819d512b2a24fa8e50ac21212528e1637a24dab8587f395f3b6e3bf0f516.tsv