../../../../../.git/annex/objects/39/pG/SHA256E-s1329128--15ae3af0d464e6839f1179a99199cb739af9752064c485cd74a6919aa1c68dc3.tsv/SHA256E-s1329128--15ae3af0d464e6839f1179a99199cb739af9752064c485cd74a6919aa1c68dc3.tsv