../../../../../.git/annex/objects/ZK/0Q/SHA256E-s1199177--c80b275c0991224566b8e44760b6f57738d9004d322c434cf376480144135233.tsv/SHA256E-s1199177--c80b275c0991224566b8e44760b6f57738d9004d322c434cf376480144135233.tsv