../../../../.git/annex/objects/42/Qp/SHA256E-s710168--9e6e55cad29cb3efe0e748b60a67e47fc529804323c208a8439dafe6eb63909b.tsv/SHA256E-s710168--9e6e55cad29cb3efe0e748b60a67e47fc529804323c208a8439dafe6eb63909b.tsv