../../../../../.git/annex/objects/8w/gp/SHA256E-s1322248--39e05f832cafd5a67ca499c6c0df0dc75ae5956379c685ef5dd155a3217dce64.tsv/SHA256E-s1322248--39e05f832cafd5a67ca499c6c0df0dc75ae5956379c685ef5dd155a3217dce64.tsv