../../../../.git/annex/objects/j4/8V/SHA256E-s874195--e4cf7326817c4de5c0204a53053b4ef4e42d41d9da44de8bd1a1677375106c05.tsv/SHA256E-s874195--e4cf7326817c4de5c0204a53053b4ef4e42d41d9da44de8bd1a1677375106c05.tsv