../../../../../.git/annex/objects/Wm/Q8/SHA256E-s1198686--c301d7ea4f1df4831acd48b0fd07770345c14fd079db8a8cfb20c2670fadf267.tsv/SHA256E-s1198686--c301d7ea4f1df4831acd48b0fd07770345c14fd079db8a8cfb20c2670fadf267.tsv