../../../../.git/annex/objects/PX/WX/SHA256E-s709780--35e4e3a181492cab7f640f0f0314c6c026b6a70ea86c545142ff4b9d543204d4.tsv/SHA256E-s709780--35e4e3a181492cab7f640f0f0314c6c026b6a70ea86c545142ff4b9d543204d4.tsv