../../../../.git/annex/objects/zQ/q0/SHA256E-s701254--452895538e24a59442a67a62d888f2339cb3a0f459b403aa053100852bd32dc7.tsv/SHA256E-s701254--452895538e24a59442a67a62d888f2339cb3a0f459b403aa053100852bd32dc7.tsv