../../../../.git/annex/objects/pW/fG/SHA256E-s1317214--6138141a378667bbeacdd38e2cf9d5787a26743b07df51ef2658f542c40f0705.tsv/SHA256E-s1317214--6138141a378667bbeacdd38e2cf9d5787a26743b07df51ef2658f542c40f0705.tsv