../../../../../.git/annex/objects/0p/1z/SHA256E-s1326956--0ecf75b0e5d886f195b25d4665ec2334ce585ce81cd47be6fbf0f71ef4bf425a.tsv/SHA256E-s1326956--0ecf75b0e5d886f195b25d4665ec2334ce585ce81cd47be6fbf0f71ef4bf425a.tsv