../../../../.git/annex/objects/WP/5f/SHA256E-s874816--b015a82eefd37984108b6abe4ee370a433d80f525017fcced0e500c91a2a6050.tsv/SHA256E-s874816--b015a82eefd37984108b6abe4ee370a433d80f525017fcced0e500c91a2a6050.tsv